!
! START OF RUN INFORMATION
!  Run number  : 76785
!  Title       : CaF2
!  Temperature : 50.000 K
!  Field       : 0.00 G
!  Comment     : Long ZF run
!  Started     : 2019-06-18  10:15:27
!  Stopped     : 2019-06-18  13:05:47
!  Histograms  : 32 [64 det] (2048 bins of 16000 ps = 32.77 µs)
!  Events      : 180.8 MEv grouped in range (raw = 191.4) [405252 fr, 446 Ev/fr]
! END OF RUN INFORMATION
!
! START OF GROUPING INFORMATION
!  Group#01  Hist(t0): 01( 29) 02( 29) 03( 29) 04( 29) 05( 29) 06( 29) 07( 29) 08( 29) 09( 29) 10( 29) 11( 29) 12( 29) 13( 29) 14( 29) 15( 29) 16( 29) 
!  Group#02  Hist(t0): 17( 29) 18( 29) 19( 29) 20( 29) 21( 29) 22( 29) 23( 29) 24( 29) 25( 29) 26( 29) 27( 29) 28( 29) 29( 29) 30( 29) 31( 29) 32( 29) 
!  Forward Group = 02, Backward Group = 01, Alpha = 1.6280
!  Offset to first good bin =  7, Last good bin = 2048
!  Fixed binning, bunching factor =  5
!  Deadtime correction off
!  Background correction off
! END OF GROUPING INFORMATION
!
! START OF DATA SET INFORMATION
!  Datarow: (Time) (FB asymmetry) (Error) 
!  Title: F-B Asymmetry
!  Xlabel: Time in microseconds
!  Ylabel: % Asymmetry
! END OF DATA SET INFORMATION
!
0.144 8.69862 0.0414345
0.224 8.1232 0.0421011
0.304 7.49501 0.0428036
0.384 6.66565 0.0435434
0.464 5.70019 0.0442492
0.544 4.87737 0.0450057
0.624 3.98382 0.0457637
0.7040001 3.16852 0.0465201
0.784 2.48925 0.0472996
0.864 2.01354 0.048132
0.9440001 1.69964 0.0490007
1.024 1.43886 0.049846
1.104 1.55575 0.05076
1.184 1.75879 0.0516893
1.264 2.14718 0.0526715
1.344 2.52947 0.0536531
1.424 3.12718 0.0546546
1.504 3.67542 0.0556621
1.584 4.29493 0.0567398
1.664 4.89319 0.0578246
1.744 5.2897 0.0588994
1.824 5.6527 0.0599817
1.904 5.87379 0.0610601
1.984 5.83114 0.062199
2.064 6.01181 0.0632901
2.144 5.61089 0.0644181
2.224 5.3243 0.0655883
2.304 4.99318 0.0667886
2.384 4.31495 0.0679355
2.464 3.98124 0.0691482
2.544 3.42519 0.0703304
2.624 2.98074 0.0715435
2.704 2.52844 0.072843
2.784 2.51003 0.0741768
2.864 2.47957 0.0755575
2.944 2.23647 0.0768246
3.024 2.27501 0.0782896
3.104 2.3474 0.079652
3.184 2.44812 0.0812383
3.264 2.72283 0.0826768
3.344 3.0212 0.0841778
3.424 3.13731 0.0857643
3.504 3.39918 0.0874222
3.584 3.21584 0.0889428
3.664 3.46056 0.0905337
3.744 3.31949 0.0921904
3.824 3.23218 0.0939094
3.904 2.86141 0.0955839
3.984 2.53922 0.0973207
4.064 2.31079 0.099006
4.144 2.03465 0.100833
4.224 1.63701 0.102603
4.304 1.67534 0.104462
4.384 1.1703 0.106356
4.464 1.28595 0.108208
4.544 1.09621 0.110149
4.624 1.46796 0.112153
4.704 1.43105 0.114373
4.784 1.64522 0.116354
4.864 2.02284 0.118566
4.944 2.64348 0.120677
5.024 3.15348 0.12316
5.104 3.53707 0.125574
5.184 4.02318 0.127711
5.264 4.24565 0.130238
5.344 4.48475 0.132501
5.424 4.61867 0.13514
5.504 4.54097 0.137615
5.584 4.77314 0.140018
5.664 4.38718 0.142551
5.744 4.46074 0.144959
5.824 3.74301 0.147706
5.904 3.51129 0.150263
5.984 2.96799 0.152897
6.064 2.49156 0.155786
6.144 2.3109 0.158708
6.224 1.55429 0.16128
6.304 0.812716 0.164082
6.384 1.11013 0.167021
6.464 0.800358 0.17012
6.544 0.552687 0.17319
6.624001 0.884737 0.176319
6.704 0.677263 0.179784
6.784 1.65141 0.183384
6.864 1.52757 0.186685
6.944 1.73324 0.189897
7.024 2.20156 0.193451
7.104001 3.02097 0.19731
7.184 3.22151 0.200663
7.264 3.11581 0.204493
7.344 3.40534 0.208471
7.424 4.07208 0.212565
7.504 3.77729 0.216677
7.584001 3.42004 0.219966
7.664001 3.25632 0.223772
7.744 3.13202 0.22862
7.824 3.51741 0.232619
7.904 2.826 0.236403
7.984 1.83104 0.240768
8.064 2.74707 0.245912
8.144 2.11379 0.249689
8.224 1.69666 0.254631
8.304001 1.03746 0.258765
8.384001 0.79761 0.26296
8.464001 0.469635 0.267623
8.544001 0.749853 0.273057
8.624001 1.27556 0.277658
8.704 0.982525 0.283426
8.784 1.20816 0.288514
8.864 1.42349 0.293222
8.944 1.56129 0.299066
9.024 0.784791 0.303936
9.104 1.89346 0.310174
9.184 2.15406 0.316035
9.264001 1.90865 0.322322
9.344001 1.51402 0.32702
9.424001 1.46195 0.333421
9.504001 1.49196 0.339411
9.584001 1.47178 0.345613
9.664001 1.50937 0.35193
9.744 1.29081 0.358403
9.824 1.10272 0.364823
9.904 1.52318 0.372013
9.984 1.61229 0.378934
10.064 0.90902 0.386505
10.144 1.08744 0.391342
10.224 1.33023 0.398793
10.304 1.62106 0.407636
10.384 1.5805 0.415378
10.464 1.39664 0.422056
10.544 0.556682 0.428823
10.624 1.87258 0.438201
10.704 2.00418 0.446252
10.784 2.09519 0.455487
10.864 1.91501 0.464073
10.944 2.35476 0.472845
11.024 1.35682 0.479375
11.104 2.51125 0.49025
11.184 1.76037 0.496027
11.264 1.81055 0.505826
11.344 1.24292 0.516319
11.424 2.6558 0.525515
11.504 1.44207 0.53454
11.584 1.36088 0.546381
11.664 2.35056 0.557723
11.744 1.21202 0.565721
11.824 1.46983 0.577884
11.904 0.553987 0.58147
11.984 1.26937 0.598342
12.064 2.38114 0.612635
12.144 2.30347 0.621676
12.224 1.1104 0.628482
12.304 1.47168 0.640279
12.384 0.909364 0.655291
12.464 -0.253669 0.665187
12.544 1.44917 0.679288
12.624 2.16593 0.690153
12.704 3.64437 0.707073
12.784 2.32347 0.71971
12.864 1.73485 0.731521
12.944 1.57244 0.739446
13.024 1.76563 0.755853
13.104 3.69286 0.771515
13.184 1.92058 0.785495
13.264 1.86619 0.80417
13.344 1.09467 0.81104
13.424 1.72618 0.828984
13.504 1.39382 0.839647
13.584 0.933381 0.849787
13.664 1.44203 0.872882
13.744 2.66833 0.898399
13.824 1.57364 0.901643
13.904 0.378121 0.926556
13.984 1.12975 0.936605
14.064 2.22016 0.960241
14.144 2.69207 0.976453
14.224 3.24271 0.996423
14.304 2.19645 1.01755
14.384 3.49862 1.04348
14.464 3.1288 1.05307
14.544 1.57263 1.06823
14.624 1.41739 1.09082
14.704 1.76114 1.10422
14.784 0.0953712 1.13505
14.864 0.609012 1.13864
14.944 0.750385 1.16799
15.024 1.20806 1.17388
15.104 4.89909 1.21518
15.184 0.152368 1.2333
15.264 0.352875 1.25529
15.344 1.8917 1.28224
15.424 3.39987 1.30781
15.504 2.09568 1.3527
15.584 -1.03355 1.35283
15.664 1.9576 1.38412
15.744 -1.21413 1.39949
15.824 2.50005 1.4279
15.904 1.47102 1.4582
15.984 1.57258 1.45955
16.064 2.97074 1.50171
16.144 2.31666 1.5333
16.224 3.90243 1.55653
16.304 0.098094 1.56184
16.384 2.14602 1.61765
16.464 1.76102 1.63538
16.544 -1.74093 1.65069
16.624 -0.160319 1.69153
16.704 1.06943 1.72554
16.784 5.96925 1.77217
16.864 4.5197 1.81944
16.944 2.01164 1.83299
17.024 0.425388 1.8866
17.104 4.10798 1.92102
17.184 2.53277 1.96697
17.264 0.651846 1.98396
17.344 -0.730926 2.00924
17.424 7.08044 2.04964
17.504 0.405896 2.06423
17.584 1.41554 2.09869
17.664 1.4157 2.20196
17.744 -0.57757 2.17203
17.824 3.13115 2.27511
17.904 6.70286 2.30599
17.984 1.4898 2.34696
18.064 6.75555 2.3366
18.144 0.392954 2.38195
18.224 1.56653 2.46106
18.304 4.42331 2.52711
18.384 0.637883 2.51054
18.464 -2.98432 2.54177
18.544 0.542577 2.61178
18.624 0.943603 2.56451
18.704 1.48452 2.7075
18.784 -2.07145 2.75412
18.864 -0.527676 2.71628
18.944 2.03289 2.83197
19.024 2.51305 2.8553
19.104 4.24189 2.90997
19.184 2.24468 3.02522
19.264 0.565324 3.05989
19.344 1.59568 3.15588
19.424 -0.194077 3.27355
19.504 2.70662 3.28851
19.584 0.978269 3.34406
19.664 -2.27558 3.37996
19.744 6.92169 3.51734
19.824 -0.0587896 3.42515
19.904 -1.93623 3.55355
19.984 0.895091 3.52165
20.064 2.21326 3.67152
20.144 0.759571 3.71851
20.224 5.56635 3.84673
20.304 -2.3325 4.05076
20.384 -3.02756 3.96634
20.464 1.37005 3.97134
20.544 1.09544 3.96009
20.624 9.99783 4.36574
20.704 -0.430746 4.22188
20.784 3.39681 4.1121
20.864 2.35189 4.27069
20.944 3.75999 4.5245
21.024 3.01345 4.53916
21.104 -2.97343 4.48282
21.184 -9.415 4.55581
21.264 0.573053 4.48041
21.344 4.0746 4.61583
21.424 -7.95542 4.60665
21.504 -3.28887 4.73652
21.584 -8.20096 4.85877
21.664 -7.32124 5.00259
21.744 2.5015 5.04924
21.824 7.13192 5.5715
21.904 3.21366 5.24069
21.984 7.57186 5.3449
22.064 8.34287 5.6306
22.144 -9.44763 5.41135
22.224 -7.52972 5.72845
22.304 3.8488 5.72835
22.384 -1.16353 5.68056
22.464 9.47383 6.23719
22.544 -11.9896 5.65923
22.624 4.33406 6.33008
22.704 -3.67429 5.92082
22.784 5.33014 6.05696
22.864 -7.13293 6.31191
22.944 0.776035 6.3287
23.024 5.74696 6.28907
23.104 2.62893 6.73314
23.184 -8.42491 6.68982
23.264 15.5932 7.56851
23.344 12.5341 6.99285
23.424 -0.867411 7.66397
23.504 -9.37783 7.0887
23.584 1.71846 7.42789
23.664 5.09549 7.42319
23.744 -1.71279 7.09649
23.824 6.69253 7.70389
23.904 7.0511 7.75099
23.984 4.02941 7.62385
24.064 3.6116 8.13783
24.144 9.37714 8.12245
24.224 9.7844 8.40965
24.304 -2.65271 8.55908
24.384 12.8102 8.78819
24.464 -1.49626 9.11093
24.544 6.32443 9.19816
24.624 -5.00762 8.78282
24.704 3.87509 8.57468
24.784 -0.73738 9.27622
24.864 2.05836 8.48362
24.944 15.8032 8.7229
